0 2 20 1 18 27
0 2 20 1 18 27
0 2 20 1 18 27
0 2 20 1 18 27
0 2 20 1 18 27
2 18
2 18
2 18
2 18 18 18
2 18 18 18
2 18 18 18
2 18 18 18
3 10 20 1 18 22 27 13 4 29
3 2 20 1 6
3 7 20 1 18 26 27 29 4 23
3 12 20 17 4 14 1 18 25 27 8 4 21
4 18 5
4 27 9
4 18 0 16
4 27 9
4 28 20 24 18
4 27 9
7 19 3 15 11
7 31 20 1 18 22 27 13 4 29
7 32 20 1 6
7 33 20 1 18 26 27 29 4 23
7 30 20 17 4 14 1 18 25 27 8 4 21
11 2 20 1 18 22 27 13 4 29 11
11 2 20 1 18 26 27 29 4 23
11 2 20 17 4 14 1 18 25 27 8 4 21
12 18
12 18
12 18
12 18
12 18
12 18
12 18
14 2 20 1 18 22 27 13 4 29 29
14 2 20 1 18 26 27 29 4 23
14 2 20 17 4 14 1 18 25 27 8 4 21
15 31